m = 0.034;

F_x_g = 0.0;
F_y_g = 0.0;
g = 9.8;

L =  32;
kf = 0.005022;
km = 1.858*10^-5;