m = 0.034;

F_x_g = 0.0;
F_y_g = 0.0;
g = 9.8;

L =  32;
kf = 0.005022;
km = 1.858*10^-5;

time = [0 1 2 3 4 5 6 7 8 9 10 11];
x = [ 0 1 2 2 2 1 1 1 1 1 2  2 ];
y = [0 1  2 2 2 2 2 1 1 1 1   1]